              precision    recall  f1-score   support

   BEAUTIFUL     0.9677    1.0000    0.9836        30
     CAREFUL     1.0000    1.0000    1.0000        31
       FIGHT     1.0000    1.0000    1.0000        30
       HELLO     1.0000    0.9667    0.9831        30
          NO     1.0000    0.9677    0.9836        31
         NOW     1.0000    0.9667    0.9831        30
         SEE     1.0000    1.0000    1.0000        30
        TALK     1.0000    1.0000    1.0000        30
   THANK YOU     0.9667    0.9667    0.9667        30
          US     0.9688    1.0000    0.9841        31
         YES     0.9677    1.0000    0.9836        30

    accuracy                         0.9880       333
   macro avg     0.9883    0.9880    0.9880       333
weighted avg     0.9883    0.9880    0.9880       333
